62.333333333333336
74.33333333333333
79.33333333333333
40.333333333333336
34.0
76.66666666666667
71.66666666666667
63.0
36.0
69.0
92.66666666666667
67.66666666666667
48.666666666666664
64.0
51.333333333333336
61.333333333333336
68.0
49.333333333333336
60.333333333333336
49.666666666666664
55.666666666666664
69.33333333333333
65.0
75.66666666666667
84.66666666666667
79.0
66.0
65.0
42.0
71.0
55.333333333333336
44.333333333333336
61.333333333333336
52.666666666666664
50.0
85.0
39.333333333333336
84.0
76.0
67.0
75.33333333333333
53.333333333333336
81.66666666666667
70.0
62.666666666666664
51.333333333333336
65.33333333333333
60.0
53.0
53.666666666666664
44.0
59.0
62.333333333333336
77.66666666666667
76.66666666666667
48.333333333333336
52.666666666666664
75.0
48.0
45.333333333333336
67.0
66.33333333333333
78.0
58.333333333333336
54.666666666666664
40.666666666666664
45.333333333333336
64.33333333333333
53.333333333333336
59.333333333333336
56.666666666666664
46.666666666666664
64.66666666666667
56.333333333333336
70.66666666666667
39.333333333333336
51.333333333333336
55.666666666666664
62.666666666666664
63.0
64.66666666666667
70.33333333333333
65.66666666666667
69.0
79.66666666666667
53.666666666666664
38.666666666666664
71.66666666666667
38.666666666666664
59.333333333333336
68.33333333333333
69.0
63.0
49.666666666666664
56.0
41.666666666666664
57.0
57.666666666666664
56.333333333333336
53.333333333333336
52.333333333333336
54.666666666666664
69.33333333333333
52.333333333333336
83.33333333333333
49.333333333333336
96.0
64.0
74.66666666666667
56.666666666666664
52.0
55.333333333333336
58.666666666666664
52.0
74.66666666666667
62.666666666666664
50.0
34.333333333333336
47.333333333333336
77.33333333333333
74.0
65.33333333333333
88.66666666666667
36.0
81.0
47.0
68.0
50.333333333333336
51.0
85.0
48.333333333333336
55.333333333333336
59.666666666666664
83.0
63.0
36.333333333333336
61.666666666666664
74.66666666666667
57.666666666666664
67.33333333333333
59.333333333333336
52.666666666666664
57.666666666666664
66.33333333333333
55.333333333333336
75.33333333333333
78.33333333333333
90.0
67.66666666666667
70.33333333333333
61.0
55.0
55.666666666666664
69.33333333333333
55.0
61.666666666666664
41.666666666666664
52.0
75.66666666666667
59.61635220125786 61.57232704402516 62.42138364779874